{
 "cells": [
  {
   "cell_type": "markdown",
   "id": "76a809c5",
   "metadata": {},
   "source": [
    "# User-based CF\n",
    "\n",
    "This is a step-by-step demonstration (and hands-on activity) of building a user-based collaborative filtering from scratch, i.e. without using any libraries. These steps simulate the process of generating recommendations for one particular user (ref_user), given a number of neighbors (top-n similar users), a similarity metric, and a prediction formula. \n",
    "\n",
    "Note that this is not the optimal way of dealing with this problem (also, there are more than one ways to implement the following steps). Instead, we want to be able to generate recommendations by predicting missing ratings for the entire utility matrix, not for each user one by one. "
   ]
  },
  {
   "cell_type": "markdown",
   "id": "bfec13ef",
   "metadata": {},
   "source": [
    "### Import libraries"
   ]
  },
  {
   "cell_type": "code",
   "execution_count": 1,
   "id": "32893ec7",
   "metadata": {},
   "outputs": [],
   "source": [
    "import numpy as np\n",
    "from numpy.linalg import norm\n",
    "import pandas as pd"
   ]
  },
  {
   "cell_type": "markdown",
   "id": "9ed8416d",
   "metadata": {},
   "source": [
    "### Import Dataset"
   ]
  },
  {
   "cell_type": "code",
   "execution_count": 2,
   "id": "bbfad642",
   "metadata": {},
   "outputs": [
    {
     "data": {
      "text/html": [
       "<div>\n",
       "<style scoped>\n",
       "    .dataframe tbody tr th:only-of-type {\n",
       "        vertical-align: middle;\n",
       "    }\n",
       "\n",
       "    .dataframe tbody tr th {\n",
       "        vertical-align: top;\n",
       "    }\n",
       "\n",
       "    .dataframe thead th {\n",
       "        text-align: right;\n",
       "    }\n",
       "</style>\n",
       "<table border=\"1\" class=\"dataframe\">\n",
       "  <thead>\n",
       "    <tr style=\"text-align: right;\">\n",
       "      <th></th>\n",
       "      <th>ID</th>\n",
       "      <th>Rating [Rogue One/Star Wars]</th>\n",
       "      <th>Rating [Fight Club]</th>\n",
       "      <th>Rating [The Lord of the Rings]</th>\n",
       "      <th>Rating [Trolls]</th>\n",
       "      <th>Rating [Despicable Me]</th>\n",
       "      <th>Rating [Soul]</th>\n",
       "      <th>Rating [The hangover]</th>\n",
       "      <th>Rating [Captain America]</th>\n",
       "      <th>Rating [The big Lebowski]</th>\n",
       "      <th>...</th>\n",
       "      <th>Rating [The hunger games]</th>\n",
       "      <th>Rating [Pulp Fiction]</th>\n",
       "      <th>Rating [Sing ]</th>\n",
       "      <th>Rating [500 days of Summer]</th>\n",
       "      <th>Rating [Twilight]</th>\n",
       "      <th>Rating [Lala Land]</th>\n",
       "      <th>Rating [A Fantastic Woman]</th>\n",
       "      <th>Rating [Loveless]</th>\n",
       "      <th>Rating [The Insult]</th>\n",
       "      <th>Rating [The Square]</th>\n",
       "    </tr>\n",
       "  </thead>\n",
       "  <tbody>\n",
       "    <tr>\n",
       "      <th>0</th>\n",
       "      <td>492</td>\n",
       "      <td>4.0</td>\n",
       "      <td>5.0</td>\n",
       "      <td>3.0</td>\n",
       "      <td>NaN</td>\n",
       "      <td>2.0</td>\n",
       "      <td>NaN</td>\n",
       "      <td>NaN</td>\n",
       "      <td>5.0</td>\n",
       "      <td>NaN</td>\n",
       "      <td>...</td>\n",
       "      <td>3.0</td>\n",
       "      <td>4.0</td>\n",
       "      <td>NaN</td>\n",
       "      <td>NaN</td>\n",
       "      <td>5.0</td>\n",
       "      <td>NaN</td>\n",
       "      <td>NaN</td>\n",
       "      <td>NaN</td>\n",
       "      <td>NaN</td>\n",
       "      <td>NaN</td>\n",
       "    </tr>\n",
       "    <tr>\n",
       "      <th>1</th>\n",
       "      <td>437</td>\n",
       "      <td>3.0</td>\n",
       "      <td>4.0</td>\n",
       "      <td>5.0</td>\n",
       "      <td>5.0</td>\n",
       "      <td>5.0</td>\n",
       "      <td>5.0</td>\n",
       "      <td>5.0</td>\n",
       "      <td>4.0</td>\n",
       "      <td>4.0</td>\n",
       "      <td>...</td>\n",
       "      <td>5.0</td>\n",
       "      <td>5.0</td>\n",
       "      <td>5.0</td>\n",
       "      <td>5.0</td>\n",
       "      <td>5.0</td>\n",
       "      <td>5.0</td>\n",
       "      <td>5.0</td>\n",
       "      <td>4.0</td>\n",
       "      <td>4.0</td>\n",
       "      <td>4.0</td>\n",
       "    </tr>\n",
       "    <tr>\n",
       "      <th>2</th>\n",
       "      <td>845</td>\n",
       "      <td>5.0</td>\n",
       "      <td>5.0</td>\n",
       "      <td>3.0</td>\n",
       "      <td>NaN</td>\n",
       "      <td>5.0</td>\n",
       "      <td>NaN</td>\n",
       "      <td>5.0</td>\n",
       "      <td>3.0</td>\n",
       "      <td>NaN</td>\n",
       "      <td>...</td>\n",
       "      <td>5.0</td>\n",
       "      <td>NaN</td>\n",
       "      <td>1.0</td>\n",
       "      <td>NaN</td>\n",
       "      <td>NaN</td>\n",
       "      <td>NaN</td>\n",
       "      <td>NaN</td>\n",
       "      <td>NaN</td>\n",
       "      <td>NaN</td>\n",
       "      <td>NaN</td>\n",
       "    </tr>\n",
       "    <tr>\n",
       "      <th>3</th>\n",
       "      <td>179</td>\n",
       "      <td>5.0</td>\n",
       "      <td>NaN</td>\n",
       "      <td>NaN</td>\n",
       "      <td>NaN</td>\n",
       "      <td>NaN</td>\n",
       "      <td>NaN</td>\n",
       "      <td>NaN</td>\n",
       "      <td>3.0</td>\n",
       "      <td>NaN</td>\n",
       "      <td>...</td>\n",
       "      <td>NaN</td>\n",
       "      <td>NaN</td>\n",
       "      <td>NaN</td>\n",
       "      <td>NaN</td>\n",
       "      <td>3.0</td>\n",
       "      <td>NaN</td>\n",
       "      <td>NaN</td>\n",
       "      <td>NaN</td>\n",
       "      <td>NaN</td>\n",
       "      <td>3.0</td>\n",
       "    </tr>\n",
       "    <tr>\n",
       "      <th>4</th>\n",
       "      <td>275</td>\n",
       "      <td>NaN</td>\n",
       "      <td>NaN</td>\n",
       "      <td>4.0</td>\n",
       "      <td>NaN</td>\n",
       "      <td>5.0</td>\n",
       "      <td>NaN</td>\n",
       "      <td>3.0</td>\n",
       "      <td>5.0</td>\n",
       "      <td>NaN</td>\n",
       "      <td>...</td>\n",
       "      <td>4.0</td>\n",
       "      <td>NaN</td>\n",
       "      <td>3.0</td>\n",
       "      <td>5.0</td>\n",
       "      <td>2.0</td>\n",
       "      <td>4.0</td>\n",
       "      <td>NaN</td>\n",
       "      <td>NaN</td>\n",
       "      <td>NaN</td>\n",
       "      <td>NaN</td>\n",
       "    </tr>\n",
       "  </tbody>\n",
       "</table>\n",
       "<p>5 rows × 21 columns</p>\n",
       "</div>"
      ],
      "text/plain": [
       "    ID  Rating [Rogue One/Star Wars]  Rating [Fight Club]  \\\n",
       "0  492                           4.0                  5.0   \n",
       "1  437                           3.0                  4.0   \n",
       "2  845                           5.0                  5.0   \n",
       "3  179                           5.0                  NaN   \n",
       "4  275                           NaN                  NaN   \n",
       "\n",
       "   Rating [The Lord of the Rings]  Rating [Trolls]  Rating [Despicable Me]  \\\n",
       "0                             3.0              NaN                     2.0   \n",
       "1                             5.0              5.0                     5.0   \n",
       "2                             3.0              NaN                     5.0   \n",
       "3                             NaN              NaN                     NaN   \n",
       "4                             4.0              NaN                     5.0   \n",
       "\n",
       "   Rating [Soul]  Rating [The hangover]  Rating [Captain America]  \\\n",
       "0            NaN                    NaN                       5.0   \n",
       "1            5.0                    5.0                       4.0   \n",
       "2            NaN                    5.0                       3.0   \n",
       "3            NaN                    NaN                       3.0   \n",
       "4            NaN                    3.0                       5.0   \n",
       "\n",
       "   Rating [The big Lebowski]  ...  Rating [The hunger games]  \\\n",
       "0                        NaN  ...                        3.0   \n",
       "1                        4.0  ...                        5.0   \n",
       "2                        NaN  ...                        5.0   \n",
       "3                        NaN  ...                        NaN   \n",
       "4                        NaN  ...                        4.0   \n",
       "\n",
       "   Rating [Pulp Fiction]  Rating [Sing ]  Rating [500 days of Summer]  \\\n",
       "0                    4.0             NaN                          NaN   \n",
       "1                    5.0             5.0                          5.0   \n",
       "2                    NaN             1.0                          NaN   \n",
       "3                    NaN             NaN                          NaN   \n",
       "4                    NaN             3.0                          5.0   \n",
       "\n",
       "   Rating [Twilight]  Rating [Lala Land]  Rating [A Fantastic Woman]  \\\n",
       "0                5.0                 NaN                         NaN   \n",
       "1                5.0                 5.0                         5.0   \n",
       "2                NaN                 NaN                         NaN   \n",
       "3                3.0                 NaN                         NaN   \n",
       "4                2.0                 4.0                         NaN   \n",
       "\n",
       "   Rating [Loveless]  Rating [The Insult]  Rating [The Square]  \n",
       "0                NaN                  NaN                  NaN  \n",
       "1                4.0                  4.0                  4.0  \n",
       "2                NaN                  NaN                  NaN  \n",
       "3                NaN                  NaN                  3.0  \n",
       "4                NaN                  NaN                  NaN  \n",
       "\n",
       "[5 rows x 21 columns]"
      ]
     },
     "execution_count": 2,
     "metadata": {},
     "output_type": "execute_result"
    }
   ],
   "source": [
    "df = pd.read_csv('/Users/ankitadeshmukh/Desktop/SJSU/Academic/Fall22/CMPE256/Assignments/Movienight-Fall22-ratings.csv')\n",
    "columns = list(df.keys())\n",
    "columns.remove('ID')\n",
    "df.head()"
   ]
  },
  {
   "cell_type": "code",
   "execution_count": 3,
   "id": "ddaaeabb",
   "metadata": {},
   "outputs": [],
   "source": [
    "user_dict = {}\n",
    "for i in range(len(df)):\n",
    "    user_dict[int(df.iloc[i].ID)] = int(df.iloc[i].ID)"
   ]
  },
  {
   "cell_type": "code",
   "execution_count": 4,
   "id": "39f1fec9",
   "metadata": {},
   "outputs": [],
   "source": [
    "# movie_df = pd.read_csv(\"movie_name.csv\")\n",
    "movie_df = pd.read_csv('/Users/ankitadeshmukh/Desktop/SJSU/Academic/Fall22/CMPE256/Assignments/movie_name.csv')\n",
    "\n",
    "movie_dict = {}\n",
    "for i in range(len(movie_df)):\n",
    "    movie_dict[movie_df.iloc[i].id] = movie_df.iloc[i].movieName"
   ]
  },
  {
   "cell_type": "markdown",
   "id": "2848ddb5",
   "metadata": {},
   "source": [
    "### Define functions for similarity"
   ]
  },
  {
   "cell_type": "code",
   "execution_count": 5,
   "id": "33863316",
   "metadata": {},
   "outputs": [],
   "source": [
    "#simple cosine\n",
    "def cosine(x, y):\n",
    "    sim = np.dot(x,y)/(norm(x)*norm(y))\n",
    "    return sim"
   ]
  },
  {
   "cell_type": "code",
   "execution_count": 6,
   "id": "9fbd8af7",
   "metadata": {},
   "outputs": [],
   "source": [
    "#simple pearson\n",
    "def pearson(x,y):\n",
    "    sim = np.dot(x-np.mean(x),y-np.mean(y))/(norm(x-np.mean(x))*norm(y-np.mean(y)))\n",
    "    return sim"
   ]
  },
  {
   "cell_type": "markdown",
   "id": "89602c94",
   "metadata": {},
   "source": [
    "### Convert data to vectors\n",
    "Deal with NaN values as well -- turn them into 0s"
   ]
  },
  {
   "cell_type": "code",
   "execution_count": 7,
   "id": "00509be0",
   "metadata": {},
   "outputs": [
    {
     "data": {
      "text/plain": [
       "array([[4., 5., 3., 0., 2., 0., 0., 5., 0., 0., 3., 4., 0., 0., 5., 0.,\n",
       "        0., 0., 0., 0.],\n",
       "       [3., 4., 5., 5., 5., 5., 5., 4., 4., 4., 5., 5., 5., 5., 5., 5.,\n",
       "        5., 4., 4., 4.],\n",
       "       [5., 5., 3., 0., 5., 0., 5., 3., 0., 0., 5., 0., 1., 0., 0., 0.,\n",
       "        0., 0., 0., 0.],\n",
       "       [5., 0., 0., 0., 0., 0., 0., 3., 0., 0., 0., 0., 0., 0., 3., 0.,\n",
       "        0., 0., 0., 3.],\n",
       "       [0., 0., 4., 0., 5., 0., 3., 5., 0., 0., 4., 0., 3., 5., 2., 4.,\n",
       "        0., 0., 0., 0.],\n",
       "       [3., 5., 4., 1., 1., 5., 2., 4., 3., 0., 4., 5., 0., 0., 4., 0.,\n",
       "        0., 0., 0., 0.],\n",
       "       [0., 0., 4., 0., 3., 0., 0., 3., 0., 0., 0., 0., 3., 0., 3., 3.,\n",
       "        0., 0., 0., 0.],\n",
       "       [0., 0., 4., 0., 4., 0., 5., 4., 0., 0., 0., 0., 0., 0., 5., 2.,\n",
       "        0., 0., 0., 0.],\n",
       "       [0., 5., 5., 0., 5., 0., 5., 5., 0., 0., 3., 5., 0., 0., 3., 5.,\n",
       "        0., 0., 0., 0.],\n",
       "       [0., 4., 0., 3., 5., 0., 5., 4., 0., 0., 4., 5., 0., 5., 0., 4.,\n",
       "        0., 0., 0., 0.],\n",
       "       [0., 5., 5., 0., 4., 0., 4., 3., 0., 0., 5., 5., 0., 0., 3., 4.,\n",
       "        0., 0., 0., 0.],\n",
       "       [0., 4., 0., 0., 2., 0., 2., 3., 0., 0., 2., 3., 0., 4., 2., 5.,\n",
       "        0., 0., 0., 0.],\n",
       "       [0., 5., 0., 0., 5., 0., 5., 5., 0., 0., 0., 0., 0., 0., 3., 5.,\n",
       "        0., 0., 0., 0.],\n",
       "       [4., 4., 5., 3., 4., 0., 0., 4., 0., 0., 5., 5., 0., 5., 3., 4.,\n",
       "        0., 0., 0., 0.],\n",
       "       [0., 0., 5., 0., 0., 0., 5., 0., 0., 0., 0., 0., 0., 0., 0., 0.,\n",
       "        0., 0., 0., 0.],\n",
       "       [4., 0., 5., 0., 5., 0., 0., 3., 0., 5., 5., 0., 0., 0., 0., 2.,\n",
       "        4., 0., 0., 0.],\n",
       "       [0., 0., 3., 0., 4., 0., 0., 0., 0., 4., 0., 0., 0., 5., 5., 5.,\n",
       "        5., 3., 0., 0.],\n",
       "       [4., 4., 5., 2., 4., 0., 5., 4., 0., 0., 4., 0., 0., 4., 0., 0.,\n",
       "        4., 0., 0., 0.],\n",
       "       [4., 3., 5., 5., 3., 0., 5., 5., 0., 0., 0., 0., 0., 0., 0., 0.,\n",
       "        0., 0., 0., 0.],\n",
       "       [0., 4., 5., 0., 5., 5., 4., 4., 0., 0., 0., 5., 4., 0., 0., 0.,\n",
       "        4., 4., 4., 4.]])"
      ]
     },
     "execution_count": 7,
     "metadata": {},
     "output_type": "execute_result"
    }
   ],
   "source": [
    "#An array of arrays. Each row (array) represents a user vector. This is in essence the utility matrix. \n",
    "\n",
    "u_vector = df.iloc[:,1:].to_numpy()\n",
    "u_vector[np.isnan(u_vector)] = 0\n",
    "u_vector"
   ]
  },
  {
   "cell_type": "markdown",
   "id": "c0c9ee0d",
   "metadata": {},
   "source": [
    "### Find Similarity Matrix"
   ]
  },
  {
   "cell_type": "code",
   "execution_count": 8,
   "id": "0278046f",
   "metadata": {},
   "outputs": [],
   "source": [
    "rows = len(u_vector)\n",
    "\n",
    "#Initialize 2d list\n",
    "cosine_matrix = [[0]*rows for k in range(rows)]\n",
    "pearson_matrix = [[0]*rows for k in range(rows)]\n",
    "\n",
    "for i in range(rows):\n",
    "    for j in range(rows):\n",
    "        cosine_matrix[i][j] = cosine(u_vector[i], u_vector[j])\n",
    "        pearson_matrix[i][j] = pearson(u_vector[i], u_vector[j])"
   ]
  },
  {
   "cell_type": "markdown",
   "id": "472312ca",
   "metadata": {},
   "source": [
    "#### Cosine Similarity"
   ]
  },
  {
   "cell_type": "code",
   "execution_count": 9,
   "id": "0c8cea3b",
   "metadata": {},
   "outputs": [
    {
     "data": {
      "text/plain": [
       "array([[1.        , 0.58787456, 0.68968654, 0.61048286, 0.50451053,\n",
       "        0.84823552, 0.5411049 , 0.5666546 , 0.75417729, 0.54890343,\n",
       "        0.77219955, 0.61838543, 0.5704453 , 0.80716488, 0.18677184,\n",
       "        0.51913402, 0.30193176, 0.62185981, 0.58565718, 0.49562893],\n",
       "       [0.58787456, 1.        , 0.57672138, 0.36496485, 0.68805614,\n",
       "        0.71384966, 0.57409249, 0.55977933, 0.68409263, 0.69291108,\n",
       "        0.68845617, 0.65395554, 0.54733082, 0.74120805, 0.34462276,\n",
       "        0.60306097, 0.64863582, 0.69602162, 0.56417177, 0.77464509],\n",
       "       [0.68968654, 0.57672138, 1.        , 0.39291264, 0.6228411 ,\n",
       "        0.64618987, 0.41611986, 0.56933484, 0.71981575, 0.64624303,\n",
       "        0.737343  , 0.51540671, 0.64790132, 0.66329112, 0.47140452,\n",
       "        0.65052293, 0.19732001, 0.85376558, 0.75588487, 0.52981294],\n",
       "       [0.61048286, 0.36496485, 0.39291264, 1.        , 0.24184306,\n",
       "        0.42361286, 0.31959937, 0.37073365, 0.23956916, 0.12651922,\n",
       "        0.19373888, 0.21805643, 0.28751279, 0.40406347, 0.        ,\n",
       "        0.33397374, 0.16984156, 0.34442468, 0.41928949, 0.22041551],\n",
       "       [0.50451053, 0.68805614, 0.6228411 , 0.24184306, 1.        ,\n",
       "        0.4618283 , 0.77620054, 0.73182277, 0.73526257, 0.73871822,\n",
       "        0.70256814, 0.72255913, 0.65283735, 0.74952673, 0.41105415,\n",
       "        0.60689655, 0.58991525, 0.7154593 , 0.53805276, 0.48948409],\n",
       "       [0.84823552, 0.71384966, 0.64618987, 0.42361286, 0.4618283 ,\n",
       "        1.        , 0.43123076, 0.51185865, 0.72730614, 0.5657268 ,\n",
       "        0.76598929, 0.56654524, 0.48717646, 0.73476343, 0.33230927,\n",
       "        0.44881906, 0.23023061, 0.60792801, 0.57513888, 0.61728502],\n",
       "       [0.5411049 , 0.57409249, 0.41611986, 0.31959937, 0.77620054,\n",
       "        0.43123076, 1.        , 0.77332995, 0.68200593, 0.37964409,\n",
       "        0.61613053, 0.48318883, 0.5972779 , 0.59144701, 0.36214298,\n",
       "        0.53164421, 0.56452504, 0.43725392, 0.48667088, 0.50028752],\n",
       "       [0.5666546 , 0.55977933, 0.56933484, 0.37073365, 0.73182277,\n",
       "        0.51185865, 0.77332995, 1.        , 0.78399618, 0.51942871,\n",
       "        0.69933822, 0.51897833, 0.76982148, 0.52775041, 0.63012604,\n",
       "        0.46047276, 0.50932481, 0.59174772, 0.65862504, 0.49836333],\n",
       "       [0.75417729, 0.68409263, 0.71981575, 0.23956916, 0.73526257,\n",
       "        0.72730614, 0.68200593, 0.78399618, 1.        , 0.8044807 ,\n",
       "        0.97211255, 0.80739197, 0.83324697, 0.7877882 , 0.5089866 ,\n",
       "        0.537997  , 0.44079532, 0.68159616, 0.6529174 , 0.643558  ],\n",
       "       [0.54890343, 0.69291108, 0.64624303, 0.12651922, 0.73871822,\n",
       "        0.5657268 , 0.37964409, 0.51942871, 0.8044807 , 1.        ,\n",
       "        0.7848281 , 0.88466579, 0.7224657 , 0.79425816, 0.26880167,\n",
       "        0.41039901, 0.40350106, 0.70221462, 0.57140469, 0.51358188],\n",
       "       [0.77219955, 0.68845617, 0.737343  , 0.19373888, 0.70256814,\n",
       "        0.76598929, 0.61613053, 0.69933822, 0.97211255, 0.7848281 ,\n",
       "        1.        , 0.78108175, 0.73083621, 0.81634752, 0.49393917,\n",
       "        0.5607654 , 0.41825801, 0.68072289, 0.58332798, 0.60654153],\n",
       "       [0.61838543, 0.65395554, 0.51540671, 0.21805643, 0.72255913,\n",
       "        0.56654524, 0.48318883, 0.51897833, 0.80739197, 0.88466579,\n",
       "        0.78108175, 1.        , 0.77879895, 0.79713245, 0.14824986,\n",
       "        0.33951574, 0.53923022, 0.56953878, 0.38939947, 0.42348859],\n",
       "       [0.5704453 , 0.54733082, 0.64790132, 0.28751279, 0.65283735,\n",
       "        0.48717646, 0.5972779 , 0.76982148, 0.83324697, 0.7224657 ,\n",
       "        0.73083621, 0.77879895, 1.        , 0.54639286, 0.30542361,\n",
       "        0.35870184, 0.42320737, 0.56991814, 0.59701493, 0.48629421],\n",
       "       [0.80716488, 0.74120805, 0.66329112, 0.40406347, 0.74952673,\n",
       "        0.73476343, 0.59144701, 0.52775041, 0.7877882 , 0.79425816,\n",
       "        0.81634752, 0.79713245, 0.54639286, 1.        , 0.25125945,\n",
       "        0.62558924, 0.52803556, 0.74464132, 0.61392456, 0.48006512],\n",
       "       [0.18677184, 0.34462276, 0.47140452, 0.        , 0.41105415,\n",
       "        0.33230927, 0.36214298, 0.63012604, 0.5089866 , 0.26880167,\n",
       "        0.49393917, 0.14824986, 0.30542361, 0.25125945, 1.        ,\n",
       "        0.29361011, 0.17320508, 0.5488213 , 0.61084722, 0.42146362],\n",
       "       [0.51913402, 0.60306097, 0.65052293, 0.33397374, 0.60689655,\n",
       "        0.44881906, 0.53164421, 0.46047276, 0.537997  , 0.41039901,\n",
       "        0.5607654 , 0.33951574, 0.35870184, 0.62558924, 0.29361011,\n",
       "        1.        , 0.57635398, 0.70256814, 0.50935661, 0.42898606],\n",
       "       [0.30193176, 0.64863582, 0.19732001, 0.16984156, 0.58991525,\n",
       "        0.23023061, 0.56452504, 0.50932481, 0.44079532, 0.40350106,\n",
       "        0.41825801, 0.53923022, 0.42320737, 0.52803556, 0.17320508,\n",
       "        0.57635398, 1.        , 0.44994422, 0.19044332, 0.36229451],\n",
       "       [0.62185981, 0.69602162, 0.85376558, 0.34442468, 0.7154593 ,\n",
       "        0.60792801, 0.43725392, 0.59174772, 0.68159616, 0.70221462,\n",
       "        0.68072289, 0.56953878, 0.56991814, 0.74464132, 0.5488213 ,\n",
       "        0.70256814, 0.44994422, 1.        , 0.80459032, 0.58084061],\n",
       "       [0.58565718, 0.56417177, 0.75588487, 0.41928949, 0.53805276,\n",
       "        0.57513888, 0.48667088, 0.65862504, 0.6529174 , 0.57140469,\n",
       "        0.58332798, 0.38939947, 0.59701493, 0.61392456, 0.61084722,\n",
       "        0.50935661, 0.19044332, 0.80459032, 1.        , 0.52634197],\n",
       "       [0.49562893, 0.77464509, 0.52981294, 0.22041551, 0.48948409,\n",
       "        0.61728502, 0.50028752, 0.49836333, 0.643558  , 0.51358188,\n",
       "        0.60654153, 0.42348859, 0.48629421, 0.48006512, 0.42146362,\n",
       "        0.42898606, 0.36229451, 0.58084061, 0.52634197, 1.        ]])"
      ]
     },
     "execution_count": 9,
     "metadata": {},
     "output_type": "execute_result"
    }
   ],
   "source": [
    "cosine_matrix = np.array(cosine_matrix)\n",
    "cosine_matrix"
   ]
  },
  {
   "cell_type": "markdown",
   "id": "4aadfa1d",
   "metadata": {},
   "source": [
    "#### Pearson Similarity"
   ]
  },
  {
   "cell_type": "code",
   "execution_count": 10,
   "id": "7b539836",
   "metadata": {},
   "outputs": [
    {
     "data": {
      "text/plain": [
       "array([[ 1.        , -0.17074744,  0.51227193,  0.48419665,  0.17913943,\n",
       "         0.74364792,  0.31459651,  0.36114435,  0.59044508,  0.24325677,\n",
       "         0.62085105,  0.37847063,  0.36072354,  0.66788536, -0.00828429,\n",
       "         0.2318504 , -0.12385396,  0.34756845,  0.35933243,  0.05076569],\n",
       "       [-0.17074744,  1.        , -0.14175426, -0.56639982,  0.44557791,\n",
       "         0.01921074,  0.32123214,  0.30148171,  0.3070794 ,  0.36790616,\n",
       "         0.3564081 ,  0.26449499,  0.10129238,  0.18566926,  0.25445668,\n",
       "        -0.04584175,  0.327884  ,  0.0818066 , -0.10052003,  0.13387902],\n",
       "       [ 0.51227193, -0.14175426,  1.        ,  0.18536502,  0.38566704,\n",
       "         0.39020822,  0.13622063,  0.37127174,  0.54101748,  0.41749117,\n",
       "         0.57021183,  0.22206787,  0.48190372,  0.41513732,  0.37139068,\n",
       "         0.44944753, -0.27459604,  0.76117707,  0.62719973,  0.13793103],\n",
       "       [ 0.48419665, -0.56639982,  0.18536502,  1.        , -0.05887344,\n",
       "         0.17844523,  0.11039771,  0.18352212, -0.06931513, -0.23920007,\n",
       "        -0.13669128, -0.08128511,  0.06956524,  0.14107855, -0.16063329,\n",
       "         0.09544464, -0.14107855,  0.06639793,  0.22844245, -0.19814881],\n",
       "       [ 0.17913943,  0.44557791,  0.38566704, -0.05887344,  1.        ,\n",
       "        -0.00922344,  0.66277046,  0.60027452,  0.53652238,  0.54101375,\n",
       "         0.47950717,  0.52891546,  0.47135999,  0.52916984,  0.28506204,\n",
       "         0.34736715,  0.31294991,  0.48310577,  0.26061242, -0.0226863 ],\n",
       "       [ 0.74364792,  0.01921074,  0.39020822,  0.17844523, -0.00922344,\n",
       "         1.        ,  0.06955004,  0.22099257,  0.48466316,  0.172023  ,\n",
       "         0.55894309,  0.20799802,  0.16876121,  0.4418754 ,  0.15938274,\n",
       "         0.01596664, -0.39499207,  0.21844757,  0.28034757,  0.14486772],\n",
       "       [ 0.31459651,  0.32123214,  0.13622063,  0.11039771,  0.66277046,\n",
       "         0.06955004,  1.        ,  0.68128094,  0.51238077,  0.03021893,\n",
       "         0.40805317,  0.21382643,  0.42940274,  0.33847965,  0.23883692,\n",
       "         0.29905635,  0.34483607,  0.09872348,  0.25070045,  0.15206024],\n",
       "       [ 0.36114435,  0.30148171,  0.37127174,  0.18352212,  0.60027452,\n",
       "         0.22099257,  0.68128094,  1.        ,  0.68082332,  0.26352603,\n",
       "         0.54789696,  0.27852216,  0.6770479 ,  0.24101506,  0.57497921,\n",
       "         0.20143924,  0.27022901,  0.36550492,  0.50796444,  0.16500966],\n",
       "       [ 0.59044508,  0.3070794 ,  0.54101748, -0.06931513,  0.53652238,\n",
       "         0.48466316,  0.51238077,  0.68082332,  1.        ,  0.65239595,\n",
       "         0.95062307,  0.66997613,  0.75372164,  0.59565563,  0.42131036,\n",
       "         0.22501926,  0.05288065,  0.41323505,  0.44175415,  0.28244295],\n",
       "       [ 0.24325677,  0.36790616,  0.41749117, -0.23920007,  0.54101375,\n",
       "         0.172023  ,  0.03021893,  0.26352603,  0.65239595,  1.        ,\n",
       "         0.61764648,  0.80236057,  0.57787205,  0.60605949,  0.08326884,\n",
       "         0.00693738, -0.01375004,  0.44901487,  0.30681455,  0.00632562],\n",
       "       [ 0.62085105,  0.3564081 ,  0.57021183, -0.13669128,  0.47950717,\n",
       "         0.55894309,  0.40805317,  0.54789696,  0.95062307,  0.61764648,\n",
       "         1.        ,  0.62489741,  0.59173684,  0.65163701,  0.40018948,\n",
       "         0.26366994,  0.01505432,  0.41195623,  0.32834079,  0.20579074],\n",
       "       [ 0.37847063,  0.26449499,  0.22206787, -0.08128511,  0.52891546,\n",
       "         0.20799802,  0.21382643,  0.27852216,  0.66997613,  0.80236057,\n",
       "         0.62489741,  1.        ,  0.67026338,  0.63311631, -0.07064223,\n",
       "        -0.07896804,  0.24112002,  0.23360029,  0.0358796 , -0.12930534],\n",
       "       [ 0.36072354,  0.10129238,  0.48190372,  0.06956524,  0.47135999,\n",
       "         0.16876121,  0.42940274,  0.6770479 ,  0.75372164,  0.57787205,\n",
       "         0.59173684,  0.67026338,  1.        ,  0.26312704,  0.16841558,\n",
       "         0.04101429,  0.13263314,  0.32117712,  0.41369896,  0.13007136],\n",
       "       [ 0.66788536,  0.18566926,  0.41513732,  0.14107855,  0.52916984,\n",
       "         0.4418754 ,  0.33847965,  0.24101506,  0.59565563,  0.60605949,\n",
       "         0.65163701,  0.63311631,  0.26312704,  1.        ,  0.03104976,\n",
       "         0.32942519,  0.13882863,  0.48289618,  0.34221672, -0.19027127],\n",
       "       [-0.00828429,  0.25445668,  0.37139068, -0.16063329,  0.28506204,\n",
       "         0.15938274,  0.23883692,  0.57497921,  0.42131036,  0.08326884,\n",
       "         0.40018948, -0.07064223,  0.16841558,  0.03104976,  1.        ,\n",
       "         0.13315836, -0.03104976,  0.48224282,  0.55305304,  0.29401762],\n",
       "       [ 0.2318504 , -0.04584175,  0.44944753,  0.09544464,  0.34736715,\n",
       "         0.01596664,  0.29905635,  0.20143924,  0.22501926,  0.00693738,\n",
       "         0.26366994, -0.07896804,  0.04101429,  0.32942519,  0.13315836,\n",
       "         1.        ,  0.31629196,  0.48727598,  0.23949653, -0.08508958],\n",
       "       [-0.12385396,  0.327884  , -0.27459604, -0.14107855,  0.31294991,\n",
       "        -0.39499207,  0.34483607,  0.27022901,  0.05288065, -0.01375004,\n",
       "         0.01505432,  0.24112002,  0.13263314,  0.13882863, -0.03104976,\n",
       "         0.31629196,  1.        ,  0.03369043, -0.26494198, -0.23135257],\n",
       "       [ 0.34756845,  0.0818066 ,  0.76117707,  0.06639793,  0.48310577,\n",
       "         0.21844757,  0.09872348,  0.36550492,  0.41323505,  0.44901487,\n",
       "         0.41195623,  0.23360029,  0.32117712,  0.48289618,  0.48224282,\n",
       "         0.48727598,  0.03369043,  1.        ,  0.68581507,  0.10074402],\n",
       "       [ 0.35933243, -0.10052003,  0.62719973,  0.22844245,  0.26061242,\n",
       "         0.28034757,  0.25070045,  0.50796444,  0.44175415,  0.30681455,\n",
       "         0.32834079,  0.0358796 ,  0.41369896,  0.34221672,  0.55305304,\n",
       "         0.23949653, -0.26494198,  0.68581507,  1.        ,  0.15404906],\n",
       "       [ 0.05076569,  0.13387902,  0.13793103, -0.19814881, -0.0226863 ,\n",
       "         0.14486772,  0.15206024,  0.16500966,  0.28244295,  0.00632562,\n",
       "         0.20579074, -0.12930534,  0.13007136, -0.19027127,  0.29401762,\n",
       "        -0.08508958, -0.23135257,  0.10074402,  0.15404906,  1.        ]])"
      ]
     },
     "execution_count": 10,
     "metadata": {},
     "output_type": "execute_result"
    }
   ],
   "source": [
    "pearson_matrix = np.array(pearson_matrix)\n",
    "pearson_matrix"
   ]
  },
  {
   "cell_type": "code",
   "execution_count": 11,
   "id": "7ec37187",
   "metadata": {},
   "outputs": [
    {
     "data": {
      "text/plain": [
       "array([[ 4.,  5.,  3., nan,  2., nan, nan,  5., nan, nan,  3.,  4., nan,\n",
       "        nan,  5., nan, nan, nan, nan, nan],\n",
       "       [ 3.,  4.,  5.,  5.,  5.,  5.,  5.,  4.,  4.,  4.,  5.,  5.,  5.,\n",
       "         5.,  5.,  5.,  5.,  4.,  4.,  4.],\n",
       "       [ 5.,  5.,  3., nan,  5., nan,  5.,  3., nan, nan,  5., nan,  1.,\n",
       "        nan, nan, nan, nan, nan, nan, nan],\n",
       "       [ 5., nan, nan, nan, nan, nan, nan,  3., nan, nan, nan, nan, nan,\n",
       "        nan,  3., nan, nan, nan, nan,  3.],\n",
       "       [nan, nan,  4., nan,  5., nan,  3.,  5., nan, nan,  4., nan,  3.,\n",
       "         5.,  2.,  4., nan, nan, nan, nan],\n",
       "       [ 3.,  5.,  4.,  1.,  1.,  5.,  2.,  4.,  3., nan,  4.,  5., nan,\n",
       "        nan,  4., nan, nan, nan, nan, nan],\n",
       "       [nan, nan,  4., nan,  3., nan, nan,  3., nan, nan, nan, nan,  3.,\n",
       "        nan,  3.,  3., nan, nan, nan, nan],\n",
       "       [nan, nan,  4., nan,  4., nan,  5.,  4., nan, nan, nan, nan, nan,\n",
       "        nan,  5.,  2., nan, nan, nan, nan],\n",
       "       [nan,  5.,  5., nan,  5., nan,  5.,  5., nan, nan,  3.,  5., nan,\n",
       "        nan,  3.,  5., nan, nan, nan, nan],\n",
       "       [nan,  4., nan,  3.,  5., nan,  5.,  4., nan, nan,  4.,  5., nan,\n",
       "         5., nan,  4., nan, nan, nan, nan],\n",
       "       [nan,  5.,  5., nan,  4., nan,  4.,  3., nan, nan,  5.,  5., nan,\n",
       "        nan,  3.,  4., nan, nan, nan, nan],\n",
       "       [nan,  4., nan, nan,  2., nan,  2.,  3., nan, nan,  2.,  3., nan,\n",
       "         4.,  2.,  5., nan, nan, nan, nan],\n",
       "       [nan,  5., nan, nan,  5., nan,  5.,  5., nan, nan, nan, nan, nan,\n",
       "        nan,  3.,  5., nan, nan, nan, nan],\n",
       "       [ 4.,  4.,  5.,  3.,  4., nan, nan,  4., nan, nan,  5.,  5., nan,\n",
       "         5.,  3.,  4., nan, nan, nan, nan],\n",
       "       [nan, nan,  5., nan, nan, nan,  5., nan, nan, nan, nan, nan, nan,\n",
       "        nan, nan, nan, nan, nan, nan, nan],\n",
       "       [ 4., nan,  5., nan,  5., nan, nan,  3., nan,  5.,  5., nan, nan,\n",
       "        nan, nan,  2.,  4., nan, nan, nan],\n",
       "       [nan, nan,  3., nan,  4., nan, nan, nan, nan,  4., nan, nan, nan,\n",
       "         5.,  5.,  5.,  5.,  3., nan, nan],\n",
       "       [ 4.,  4.,  5.,  2.,  4., nan,  5.,  4., nan, nan,  4., nan, nan,\n",
       "         4., nan, nan,  4., nan, nan, nan],\n",
       "       [ 4.,  3.,  5.,  5.,  3., nan,  5.,  5., nan, nan, nan, nan, nan,\n",
       "        nan, nan, nan, nan, nan, nan, nan],\n",
       "       [nan,  4.,  5., nan,  5.,  5.,  4.,  4., nan, nan, nan,  5.,  4.,\n",
       "        nan, nan, nan,  4.,  4.,  4.,  4.]])"
      ]
     },
     "execution_count": 11,
     "metadata": {},
     "output_type": "execute_result"
    }
   ],
   "source": [
    "\n",
    "rc_vector = df.iloc[:,1:].to_numpy()\n",
    "rc_vector"
   ]
  },
  {
   "cell_type": "markdown",
   "id": "f059bd96",
   "metadata": {},
   "source": [
    "##### Raw Cosine Similarity"
   ]
  },
  {
   "cell_type": "code",
   "execution_count": 19,
   "id": "03b27147",
   "metadata": {},
   "outputs": [],
   "source": [
    "\n",
    "# this might not be the most optimal approach but I have stacked vector x and vector y as columns first.\n",
    "# Now that the 0th column respresents first rating and 1st column represents second rating, \n",
    "# we have a pairs of ratings in the form of a rows. \n",
    "# So if either of those ratings in a pair are Nan, I can exclude the entire row from consideration.\n",
    "# After removing such pairs, I have split the matrix across columns (2 columns) to get separate vectors x and y.\n",
    "def rawcosine(x,y):\n",
    "    colstack = np.column_stack((x,y))\n",
    "    colstack = np.array(colstack)\n",
    "    colstack = colstack[~np.isnan(colstack).any(axis=1)]\n",
    "    x, y = np.array_split(ary = colstack, indices_or_sections = 2, axis=1)\n",
    "\n",
    "    x = np.squeeze(np.asarray(x))\n",
    "    y = np.squeeze(np.asarray(y))\n",
    "    \n",
    "    sim = np.dot(x,y)/(norm(x)*norm(y)) \n",
    "    return sim\n",
    "\n"
   ]
  },
  {
   "cell_type": "code",
   "execution_count": 20,
   "id": "07a02406",
   "metadata": {},
   "outputs": [
    {
     "name": "stderr",
     "output_type": "stream",
     "text": [
      "/var/folders/tc/04_ll5rn2wd6y60sbby3n1sc0000gp/T/ipykernel_669/1581582207.py:18: RuntimeWarning: invalid value encountered in double_scalars\n",
      "  sim = np.dot(x,y)/(norm(x)*norm(y))\n"
     ]
    },
    {
     "data": {
      "text/plain": [
       "array([[1.        , 0.93620653, 0.92245569, 0.93856382, 0.87686678,\n",
       "        0.97252195, 0.92222467, 0.9584769 , 0.93613767, 0.93193853,\n",
       "        0.91830473, 0.96867751, 0.92067866, 0.93360678, 1.        ,\n",
       "        0.89451592, 0.96354608, 0.94668481, 0.94523009, 0.924514  ],\n",
       "       [0.93620653, 1.        , 0.91844479, 0.9217648 , 0.96058996,\n",
       "        0.91365291, 0.99200384, 0.9672714 , 0.97559774, 0.98817391,\n",
       "        0.98182067, 0.93261866, 0.97747124, 0.97965387, 1.        ,\n",
       "        0.96039131, 0.98652088, 0.97171052, 0.97486133, 0.9953452 ],\n",
       "       [0.92245569, 0.91844479, 1.        , 1.        , 0.92827912,\n",
       "        0.88758009, 0.89661096, 0.97933935, 0.95430641, 0.98690167,\n",
       "        0.97439457, 0.92904746, 0.98198051, 0.96566078, 0.9701425 ,\n",
       "        0.97473459, 0.99469179, 0.96813124, 0.92583809, 0.92737392],\n",
       "       [0.93856382, 0.9217648 , 1.        , 1.        , 0.91914503,\n",
       "        0.92883474, 1.        , 0.99388373, 0.9701425 , 1.        ,\n",
       "        1.        , 0.98058068, 0.9701425 , 0.97646729,        nan,\n",
       "        0.99469179, 1.        , 0.9701425 , 0.93742527, 1.        ],\n",
       "       [0.87686678, 0.96058996, 0.92827912, 0.91914503, 1.        ,\n",
       "        0.87694428, 0.95895039, 0.90412425, 0.97628272, 0.97949971,\n",
       "        0.96058547, 0.93264314, 0.98065128, 0.98087778, 0.98994949,\n",
       "        0.94760708, 0.93814513, 0.96525389, 0.94491118, 0.98092844],\n",
       "       [0.97252195, 0.91365291, 0.88758009, 0.92883474, 0.87694428,\n",
       "        1.        , 0.93677693, 0.91578381, 0.91235024, 0.88144517,\n",
       "        0.9430863 , 0.96149156, 0.87583723, 0.94225641, 0.9486833 ,\n",
       "        0.90601439, 0.88625874, 0.92088684, 0.8653669 , 0.92428753],\n",
       "       [0.92222467, 0.99200384, 0.89661096, 1.        , 0.95895039,\n",
       "        0.93677693, 1.        , 0.9640128 , 0.98291689, 0.99413485,\n",
       "        0.99279455, 0.9258201 , 0.98198051, 0.99541632, 1.        ,\n",
       "        0.9606507 , 0.95088698, 0.99948387, 0.98239742, 0.99359834],\n",
       "       [0.9584769 , 0.9672714 , 0.97933935, 0.99388373, 0.90412425,\n",
       "        0.91578381, 0.9640128 , 1.        , 0.94089292, 0.97561226,\n",
       "        0.94454056, 0.79495375, 0.92956558, 0.94386303, 0.99388373,\n",
       "        0.97839918, 0.9314188 , 0.9952275 , 0.98330818, 0.98230247],\n",
       "       [0.93613767, 0.97559774, 0.95430641, 0.9701425 , 0.97628272,\n",
       "        0.91235024, 0.98291689, 0.94089292, 1.        , 0.98880664,\n",
       "        0.97211255, 0.95323176, 1.        , 0.97664161, 1.        ,\n",
       "        0.91894163, 0.94491118, 0.98708603, 0.97385168, 0.99388373],\n",
       "       [0.93193853, 0.98817391, 0.98690167, 1.        , 0.97949971,\n",
       "        0.88144517, 0.99413485, 0.97561226, 0.98880664, 1.        ,\n",
       "        0.98187743, 0.92926895, 0.99385869, 0.99324324, 1.        ,\n",
       "        0.9584769 , 0.98484848, 0.99208012, 0.94570804, 0.99608235],\n",
       "       [0.91830473, 0.98182067, 0.97439457, 1.        , 0.96058547,\n",
       "        0.9430863 , 0.99279455, 0.94454056, 0.97211255, 0.98187743,\n",
       "        1.        , 0.93353595, 0.98708239, 0.99331096, 0.99388373,\n",
       "        0.97220359, 0.93808315, 0.98264585, 0.94570804, 0.9878715 ],\n",
       "       [0.96867751, 0.93261866, 0.92904746, 0.98058068, 0.93264314,\n",
       "        0.96149156, 0.9258201 , 0.79495375, 0.95323176, 0.92926895,\n",
       "        0.93353595, 1.        , 0.94351804, 0.94296005, 1.        ,\n",
       "        0.7581754 , 0.94345635, 0.93835129, 0.90773071, 0.95080652],\n",
       "       [0.92067866, 0.97747124, 0.98198051, 0.9701425 , 0.98065128,\n",
       "        0.87583723, 0.98198051, 0.92956558, 1.        , 0.99385869,\n",
       "        0.98708239, 0.94351804, 1.        , 0.99773528, 1.        ,\n",
       "        0.93658581, 0.96150883, 0.99484975, 0.9701425 , 0.99484975],\n",
       "       [0.93360678, 0.97965387, 0.96566078, 0.97646729, 0.98087778,\n",
       "        0.94225641, 0.99541632, 0.94386303, 0.97664161, 0.99324324,\n",
       "        0.99331096, 0.94296005, 0.99773528, 1.        , 1.        ,\n",
       "        0.97350182, 0.9539392 , 0.99253974, 0.96755066, 0.99608235],\n",
       "       [1.        , 1.        , 0.9701425 ,        nan, 0.98994949,\n",
       "        0.9486833 , 1.        , 0.99388373, 1.        , 1.        ,\n",
       "        0.99388373, 1.        , 1.        , 1.        , 1.        ,\n",
       "        1.        , 1.        , 1.        , 1.        , 0.99388373],\n",
       "       [0.89451592, 0.96039131, 0.97473459, 0.99469179, 0.94760708,\n",
       "        0.90601439, 0.9606507 , 0.97839918, 0.91894163, 0.9584769 ,\n",
